0 -0.2622066473186132 -0.7587651031287691 1.6541942025393865 -2.398948171684052 -1.4946287000034972 -0.16988007235566152
  0.10666212648675309
  -0.2700479677507428
 0.05 -0.2622066473186132 -0.7587651031287691 1.6541942025393865 -2.398948171684052 -1.4946287000034972 -0.16988007235566152
  0.10666212648675309
  -0.2700479677507428
 0.1 -0.2622066473186132 -0.7587651031287691 1.6541942025393865 -2.398948171684052 -1.4946287000034972 -0.16988007235566152
  0.10666212648675309
  -0.2700479677507428
 0.15000000000000002 -0.2622066473186132 -0.7587651031287691 1.6541942025393865 -2.398948171684052 -1.4946287000034972 -0.16988007235566152
  0.10666212648675309
  -0.2700479677507428
 0.2 -0.2622066473186132 -0.7587651031287691 1.6541942025393865 -2.398948171684052 -1.4946287000034972 -0.16988007235566152
  0.10666212648675309
  -0.2700479677507428
 0.25 -0.2622066473186132 -0.7587651031287691 1.6541942025393865 -2.398948171684052 -1.4946287000034972 -0.16988007235566152
  0.10666212648675309
  -0.2700479677507428
 0.3 -0.2622066473186132 -0.7587651031287691 1.6541942025393865 -2.398948171684052 -1.4946287000034972 -0.16988007235566152
  0.10666212648675309
  -0.2700479677507428
 0.35 -0.2622066473186132 -0.7587651031287691 1.6541942025393865 -2.398948171684052 -1.4946287000034972 -0.16988007235566152
  0.10666212648675309
  -0.2700479677507428
 0.39999999999999997 -0.2622066473186132 -0.7587651031287691 1.6541942025393865 -2.398948171684052 -1.4946287000034972 -0.16988007235566152
  0.10666212648675309
  -0.2700479677507428
 0.44999999999999996 -0.2622066473186132 -0.7587651031287691 1.6541942025393865 -2.398948171684052 -1.4946287000034972 -0.16988007235566152
  0.10666212648675309
  -0.2700479677507428
 0.49999999999999994 -0.2622066473186132 -0.7587651031287691 1.6541942025393865 -2.398948171684052 -1.4946287000034972 -0.16988007235566152
  0.10666212648675309
  -0.2700479677507428
 0.5499999999999999 -0.2622066473186132 -0.7587651031287691 1.6541942025393865 -2.398948171684052 -1.4946287000034972 -0.16988007235566152
  0.10666212648675309
  -0.2700479677507428
 0.6 -0.2622066473186132 -0.7587651031287691 1.6541942025393865 -2.398948171684052 -1.4946287000034972 -0.16988007235566152
  0.10666212648675309
  -0.2700479677507428
 0.65 -0.2622066473186132 -0.7587651031287691 1.6541942025393865 -2.398948171684052 -1.4946287000034972 -0.16988007235566152
  0.10666212648675309
  -0.2700479677507428
 0.7000000000000001 -0.2622066473186132 -0.7587651031287691 1.6541942025393865 -2.398948171684052 -1.4946287000034972 -0.16988007235566152
  0.10666212648675309
  -0.2700479677507428
 0.7500000000000001 -0.2622066473186132 -0.7587651031287691 1.6541942025393865 -2.398948171684052 -1.4946287000034972 -0.16988007235566152
  0.10666212648675309
  -0.2700479677507428
 0.8000000000000002 -0.2622066473186132 -0.7587651031287691 1.6541942025393865 -2.398948171684052 -1.4946287000034972 -0.16988007235566152
  0.10666212648675309
  -0.2700479677507428
 0.8500000000000002 -0.2622066473186132 -0.7587651031287691 1.6541942025393865 -2.398948171684052 -1.4946287000034972 -0.16988007235566152
  0.10666212648675309
  -0.2700479677507428
 0.9000000000000002 -0.2622066473186132 -0.7587651031287691 1.6541942025393865 -2.398948171684052 -1.4946287000034972 -0.16988007235566152
  0.10666212648675309
  -0.2700479677507428
 0.9500000000000003 -0.2622066473186132 -0.7587651031287691 1.6541942025393865 -2.398948171684052 -1.4946287000034972 -0.16988007235566152
  0.10666212648675309
  -0.2700479677507428
 1.0000000000000002 -0.2622066473186132 -0.7587651031287691 1.6541942025393865 -2.398948171684052 -1.4946287000034972 -0.16988007235566152
  0.10666212648675309
  -0.2700479677507428
 1.0500000000000003 -0.2622066473186132 -0.7587651031287691 1.6541942025393865 -2.398948171684052 -1.4946287000034972 -0.16988007235566152
  0.10666212648675309
  -0.2700479677507428
 1.1000000000000003 -0.2622066473186132 -0.7587651031287691 1.6541942025393865 -2.398948171684052 -1.4946287000034972 -0.16988007235566152
  0.10666212648675309
  -0.2700479677507428
 1.1500000000000004 -0.2622066473186132 -0.7587651031287691 1.6541942025393865 -2.398948171684052 -1.4946287000034972 -0.16988007235566152
  0.10666212648675309
  -0.2700479677507428
 1.2000000000000004 -0.2622066473186132 -0.7587651031287691 1.6541942025393865 -2.398948171684052 -1.4946287000034972 -0.16988007235566152
  0.10666212648675309
  -0.2700479677507428
 1.2500000000000004 -0.2622066473186132 -0.7587651031287691 1.6541942025393865 -2.398948171684052 -1.4946287000034972 -0.16988007235566152
  0.10666212648675309
  -0.2700479677507428
 1.3000000000000005 -0.2622066473186132 -0.7587651031287691 1.6541942025393865 -2.398948171684052 -1.4946287000034972 -0.16988007235566152
  0.10666212648675309
  -0.2700479677507428
 1.3500000000000005 -0.2622066473186132 -0.7587651031287691 1.6541942025393865 -2.398948171684052 -1.4946287000034972 -0.16988007235566152
  0.10666212648675309
  -0.2700479677507428
 1.4000000000000006 -0.2622066473186132 -0.7587651031287691 1.6541942025393865 -2.398948171684052 -1.4946287000034972 -0.16988007235566152
  0.10666212648675309
  -0.2700479677507428
 1.4500000000000006 -0.2622066473186132 -0.7587651031287691 1.6541942025393865 -2.398948171684052 -1.4946287000034972 -0.16988007235566152
  0.10666212648675309
  -0.2700479677507428
 1.5000000000000007 -0.2622066473186132 -0.7587651031287691 1.6541942025393865 -2.398948171684052 -1.4946287000034972 -0.16988007235566152
  0.10666212648675309
  -0.2700479677507428
 1.5500000000000007 -0.2622066473186132 -0.7587651031287691 1.6541942025393865 -2.398948171684052 -1.4946287000034972 -0.16988007235566152
  0.10666212648675309
  -0.2700479677507428
 1.6000000000000008 -0.2622066473186132 -0.7587651031287691 1.6541942025393865 -2.398948171684052 -1.4946287000034972 -0.16988007235566152
  0.10666212648675309
  -0.2700479677507428
 1.6500000000000008 -0.2622066473186132 -0.7587651031287691 1.6541942025393865 -2.398948171684052 -1.4946287000034972 -0.16988007235566152
  0.10666212648675309
  -0.2700479677507428
 1.7000000000000008 -0.2622066473186132 -0.7587651031287691 1.6541942025393865 -2.398948171684052 -1.4946287000034972 -0.16988007235566152
  0.10666212648675309
  -0.2700479677507428
 1.7500000000000009 -0.2622066473186132 -0.7587651031287691 1.6541942025393865 -2.398948171684052 -1.4946287000034972 -0.16988007235566152
  0.10666212648675309
  -0.2700479677507428
 1.800000000000001 -0.2622066473186132 -0.7587651031287691 1.6541942025393865 -2.398948171684052 -1.4946287000034972 -0.16988007235566152
  0.10666212648675309
  -0.2700479677507428
 1.850000000000001 -0.2622066473186132 -0.7587651031287691 1.6541942025393865 -2.398948171684052 -1.4946287000034972 -0.16988007235566152
  0.10666212648675309
  -0.2700479677507428
 1.900000000000001 -0.2622066473186132 -0.7587651031287691 1.6541942025393865 -2.398948171684052 -1.4946287000034972 -0.16988007235566152
  0.10666212648675309
  -0.2700479677507428
 1.950000000000001 -0.2622066473186132 -0.7587651031287691 1.6541942025393865 -2.398948171684052 -1.4946287000034972 -0.16988007235566152
  0.10666212648675309
  -0.2700479677507428
 2.000000000000001 -0.2622066473186132 -0.7587651031287691 1.6541942025393865 -2.398948171684052 -1.4946287000034972 -0.16988007235566152
  0.10666212648675309
  -0.2700479677507428
 2.0500000000000007 -0.2622066473186132 -0.7587651031287691 1.6541942025393865 -2.398948171684052 -1.4946287000034972 -0.16988007235566152
  0.10666212648675309
  -0.2700479677507428
 2.1000000000000005 -0.2622066473186132 -0.7587651031287691 1.6541942025393865 -2.398948171684052 -1.4946287000034972 -0.16988007235566152
  0.10666212648675309
  -0.2700479677507428
 2.1500000000000004 -0.2622066473186132 -0.7587651031287691 1.6541942025393865 -2.398948171684052 -1.4946287000034972 -0.16988007235566152
  0.10666212648675309
  -0.2700479677507428
 2.2 -0.2622066473186132 -0.7587651031287691 1.6541942025393865 -2.398948171684052 -1.4946287000034972 -0.16988007235566152
  0.10666212648675309
  -0.2700479677507428
 2.25 -0.2622066473186132 -0.7587651031287691 1.6541942025393865 -2.398948171684052 -1.4946287000034972 -0.16988007235566152
  0.10666212648675309
  -0.2700479677507428
 2.3 -0.2622066473186132 -0.7587651031287691 1.6541942025393865 -2.398948171684052 -1.4946287000034972 -0.16988007235566152
  0.10666212648675309
  -0.2700479677507428
 2.3499999999999996 -0.2622066473186132 -0.7587651031287691 1.6541942025393865 -2.398948171684052 -1.4946287000034972 -0.16988007235566152
  0.10666212648675309
  -0.2700479677507428
 2.3999999999999995 -0.2622066473186132 -0.7587651031287691 1.6541942025393865 -2.398948171684052 -1.4946287000034972 -0.16988007235566152
  0.10666212648675309
  -0.2700479677507428
 2.4499999999999993 -0.2622066473186132 -0.7587651031287691 1.6541942025393865 -2.398948171684052 -1.4946287000034972 -0.16988007235566152
  0.10666212648675309
  -0.2700479677507428
 2.499999999999999 -0.2622066473186132 -0.7587651031287691 1.6541942025393865 -2.398948171684052 -1.4946287000034972 -0.16988007235566152
  0.10666212648675309
  -0.2700479677507428
 2.549999999999999 -0.2622066473186132 -0.7587651031287691 1.6541942025393865 -2.398948171684052 -1.4946287000034972 -0.16988007235566152
  0.10666212648675309
  -0.2700479677507428
 2.5999999999999988 -0.2622066473186132 -0.7587651031287691 1.6541942025393865 -2.398948171684052 -1.4946287000034972 -0.16988007235566152
  0.10666212648675309
  -0.2700479677507428
 2.6499999999999986 -0.2622066473186132 -0.7587651031287691 1.6541942025393865 -2.398948171684052 -1.4946287000034972 -0.16988007235566152
  0.10666212648675309
  -0.2700479677507428
 2.6999999999999984 -0.2622066473186132 -0.7587651031287691 1.6541942025393865 -2.398948171684052 -1.4946287000034972 -0.16988007235566152
  0.10666212648675309
  -0.2700479677507428
 2.7499999999999982 -0.2622066473186132 -0.7587651031287691 1.6541942025393865 -2.398948171684052 -1.4946287000034972 -0.16988007235566152
  0.10666212648675309
  -0.2700479677507428
 2.799999999999998 -0.2622066473186132 -0.7587651031287691 1.6541942025393865 -2.398948171684052 -1.4946287000034972 -0.16988007235566152
  0.10666212648675309
  -0.2700479677507428
 2.849999999999998 -0.2622066473186132 -0.7587651031287691 1.6541942025393865 -2.398948171684052 -1.4946287000034972 -0.16988007235566152
  0.10666212648675309
  -0.2700479677507428
 2.8999999999999977 -0.2622066473186132 -0.7587651031287691 1.6541942025393865 -2.398948171684052 -1.4946287000034972 -0.16988007235566152
  0.10666212648675309
  -0.2700479677507428
 2.9499999999999975 -0.2622066473186132 -0.7587651031287691 1.6541942025393865 -2.398948171684052 -1.4946287000034972 -0.16988007235566152
  0.10666212648675309
  -0.2700479677507428
 2.9999999999999973 -0.2622066473186132 -0.7587651031287691 1.6541942025393865 -2.398948171684052 -1.4946287000034972 -0.16988007235566152
  0.10666212648675309
  -0.2700479677507428
 3.049999999999997 -0.2622066473186132 -0.7587651031287691 1.6541942025393865 -2.398948171684052 -1.4946287000034972 -0.16988007235566152
  0.10666212648675309
  -0.2700479677507428
 3.099999999999997 -0.2622066473186132 -0.7587651031287691 1.6541942025393865 -2.398948171684052 -1.4946287000034972 -0.16988007235566152
  0.10666212648675309
  -0.2700479677507428
 3.149999999999997 -0.2622066473186132 -0.7587651031287691 1.6541942025393865 -2.398948171684052 -1.4946287000034972 -0.16988007235566152
  0.10666212648675309
  -0.2700479677507428
 3.1999999999999966 -0.2622066473186132 -0.7587651031287691 1.6541942025393865 -2.398948171684052 -1.4946287000034972 -0.16988007235566152
  0.10666212648675309
  -0.2700479677507428
 3.2499999999999964 -0.2622066473186132 -0.7587651031287691 1.6541942025393865 -2.398948171684052 -1.4946287000034972 -0.16988007235566152
  0.10666212648675309
  -0.2700479677507428
 3.2999999999999963 -0.2622066473186132 -0.7587651031287691 1.6541942025393865 -2.398948171684052 -1.4946287000034972 -0.16988007235566152
  0.10666212648675309
  -0.2700479677507428
 3.349999999999996 -0.2622066473186132 -0.7587651031287691 1.6541942025393865 -2.398948171684052 -1.4946287000034972 -0.16988007235566152
  0.10666212648675309
  -0.2700479677507428
 3.399999999999996 -0.2622066473186132 -0.7587651031287691 1.6541942025393865 -2.398948171684052 -1.4946287000034972 -0.16988007235566152
  0.10666212648675309
  -0.2700479677507428
 3.4499999999999957 -0.2622066473186132 -0.7587651031287691 1.6541942025393865 -2.398948171684052 -1.4946287000034972 -0.16988007235566152
  0.10666212648675309
  -0.2700479677507428
 3.4999999999999956 -0.2622066473186132 -0.7587651031287691 1.6541942025393865 -2.398948171684052 -1.4946287000034972 -0.16988007235566152
  0.10666212648675309
  -0.2700479677507428
 3.5499999999999954 -0.2622066473186132 -0.7587651031287691 1.6541942025393865 -2.398948171684052 -1.4946287000034972 -0.16988007235566152
  0.10666212648675309
  -0.2700479677507428
 3.599999999999995 -0.2622066473186132 -0.7587651031287691 1.6541942025393865 -2.398948171684052 -1.4946287000034972 -0.16988007235566152
  0.10666212648675309
  -0.2700479677507428
 3.649999999999995 -0.2622066473186132 -0.7587651031287691 1.6541942025393865 -2.398948171684052 -1.4946287000034972 -0.16988007235566152
  0.10666212648675309
  -0.2700479677507428
 3.699999999999995 -0.2622066473186132 -0.7587651031287691 1.6541942025393865 -2.398948171684052 -1.4946287000034972 -0.16988007235566152
  0.10666212648675309
  -0.2700479677507428
 3.7499999999999947 -0.2622066473186132 -0.7587651031287691 1.6541942025393865 -2.398948171684052 -1.4946287000034972 -0.16988007235566152
  0.10666212648675309
  -0.2700479677507428
 3.7999999999999945 -0.2622066473186132 -0.7587651031287691 1.6541942025393865 -2.398948171684052 -1.4946287000034972 -0.16988007235566152
  0.10666212648675309
  -0.2700479677507428
 3.8499999999999943 -0.2622066473186132 -0.7587651031287691 1.6541942025393865 -2.398948171684052 -1.4946287000034972 -0.16988007235566152
  0.10666212648675309
  -0.2700479677507428
 3.899999999999994 -0.2622066473186132 -0.7587651031287691 1.6541942025393865 -2.398948171684052 -1.4946287000034972 -0.16988007235566152
  0.10666212648675309
  -0.2700479677507428
 3.949999999999994 -0.2622066473186132 -0.7587651031287691 1.6541942025393865 -2.398948171684052 -1.4946287000034972 -0.16988007235566152
  0.10666212648675309
  -0.2700479677507428
 3.999999999999994 -0.2622066473186132 -0.7587651031287691 1.6541942025393865 -2.398948171684052 -1.4946287000034972 -0.16988007235566152
  0.10666212648675309
  -0.2700479677507428
 4.049999999999994 -0.2622066473186132 -0.7587651031287691 1.6541942025393865 -2.398948171684052 -1.4946287000034972 -0.16988007235566152
  0.10666212648675309
  -0.2700479677507428
 4.099999999999993 -0.2622066473186132 -0.7587651031287691 1.6541942025393865 -2.398948171684052 -1.4946287000034972 -0.16988007235566152
  0.10666212648675309
  -0.2700479677507428
 4.149999999999993 -0.2622066473186132 -0.7587651031287691 1.6541942025393865 -2.398948171684052 -1.4946287000034972 -0.16988007235566152
  0.10666212648675309
  -0.2700479677507428
 4.199999999999993 -0.2622066473186132 -0.7587651031287691 1.6541942025393865 -2.398948171684052 -1.4946287000034972 -0.16988007235566152
  0.10666212648675309
  -0.2700479677507428
 4.249999999999993 -0.2622066473186132 -0.7587651031287691 1.6541942025393865 -2.398948171684052 -1.4946287000034972 -0.16988007235566152
  0.10666212648675309
  -0.2700479677507428
 4.299999999999993 -0.2622066473186132 -0.7587651031287691 1.6541942025393865 -2.398948171684052 -1.4946287000034972 -0.16988007235566152
  0.10666212648675309
  -0.2700479677507428
 4.3499999999999925 -0.2622066473186132 -0.7587651031287691 1.6541942025393865 -2.398948171684052 -1.4946287000034972 -0.16988007235566152
  0.10666212648675309
  -0.2700479677507428
 4.399999999999992 -0.2622066473186132 -0.7587651031287691 1.6541942025393865 -2.398948171684052 -1.4946287000034972 -0.16988007235566152
  0.10666212648675309
  -0.2700479677507428
 4.449999999999992 -0.2622066473186132 -0.7587651031287691 1.6541942025393865 -2.398948171684052 -1.4946287000034972 -0.16988007235566152
  0.10666212648675309
  -0.2700479677507428
 4.499999999999992 -0.2622066473186132 -0.7587651031287691 1.6541942025393865 -2.398948171684052 -1.4946287000034972 -0.16988007235566152
  0.10666212648675309
  -0.2700479677507428
 4.549999999999992 -0.2622066473186132 -0.7587651031287691 1.6541942025393865 -2.398948171684052 -1.4946287000034972 -0.16988007235566152
  0.10666212648675309
  -0.2700479677507428
 4.599999999999992 -0.2622066473186132 -0.7587651031287691 1.6541942025393865 -2.398948171684052 -1.4946287000034972 -0.16988007235566152
  0.10666212648675309
  -0.2700479677507428
 4.6499999999999915 -0.2622066473186132 -0.7587651031287691 1.6541942025393865 -2.398948171684052 -1.4946287000034972 -0.16988007235566152
  0.10666212648675309
  -0.2700479677507428
 4.699999999999991 -0.2622066473186132 -0.7587651031287691 1.6541942025393865 -2.398948171684052 -1.4946287000034972 -0.16988007235566152
  0.10666212648675309
  -0.2700479677507428
 4.749999999999991 -0.2622066473186132 -0.7587651031287691 1.6541942025393865 -2.398948171684052 -1.4946287000034972 -0.16988007235566152
  0.10666212648675309
  -0.2700479677507428
 4.799999999999991 -0.2622066473186132 -0.7587651031287691 1.6541942025393865 -2.398948171684052 -1.4946287000034972 -0.16988007235566152
  0.10666212648675309
  -0.2700479677507428
 4.849999999999991 -0.2622066473186132 -0.7587651031287691 1.6541942025393865 -2.398948171684052 -1.4946287000034972 -0.16988007235566152
  0.10666212648675309
  -0.2700479677507428
 4.899999999999991 -0.2622066473186132 -0.7587651031287691 1.6541942025393865 -2.398948171684052 -1.4946287000034972 -0.16988007235566152
  0.10666212648675309
  -0.2700479677507428
 4.94999999999999 -0.2622066473186132 -0.7587651031287691 1.6541942025393865 -2.398948171684052 -1.4946287000034972 -0.16988007235566152
  0.10666212648675309
  -0.2700479677507428
 4.99999999999999 -0.2622066473186132 -0.7587651031287691 1.6541942025393865 -2.398948171684052 -1.4946287000034972 -0.16988007235566152
  0.10666212648675309
  -0.2700479677507428
 5.04999999999999 -0.2622066473186132 -0.7587651031287691 1.6541942025393865 -2.398948171684052 -1.4946287000034972 -0.16988007235566152
  0.10666212648675309
  -0.2700479677507428
 5.09999999999999 -0.2622066473186132 -0.7587651031287691 1.6541942025393865 -2.398948171684052 -1.4946287000034972 -0.16988007235566152
  0.10666212648675309
  -0.2700479677507428
 5.14999999999999 -0.2622066473186132 -0.7587651031287691 1.6541942025393865 -2.398948171684052 -1.4946287000034972 -0.16988007235566152
  0.10666212648675309
  -0.2700479677507428
 5.1999999999999895 -0.2622066473186132 -0.7587651031287691 1.6541942025393865 -2.398948171684052 -1.4946287000034972 -0.16988007235566152
  0.10666212648675309
  -0.2700479677507428
 5.249999999999989 -0.2622066473186132 -0.7587651031287691 1.6541942025393865 -2.398948171684052 -1.4946287000034972 -0.16988007235566152
  0.10666212648675309
  -0.2700479677507428
 5.299999999999989 -0.2622066473186132 -0.7587651031287691 1.6541942025393865 -2.398948171684052 -1.4946287000034972 -0.16988007235566152
  0.10666212648675309
  -0.2700479677507428
 5.349999999999989 -0.2622066473186132 -0.7587651031287691 1.6541942025393865 -2.398948171684052 -1.4946287000034972 -0.16988007235566152
  0.10666212648675309
  -0.2700479677507428
 5.399999999999989 -0.2622066473186132 -0.7587651031287691 1.6541942025393865 -2.398948171684052 -1.4946287000034972 -0.16988007235566152
  0.10666212648675309
  -0.2700479677507428
 5.449999999999989 -0.2622066473186132 -0.7587651031287691 1.6541942025393865 -2.398948171684052 -1.4946287000034972 -0.16988007235566152
  0.10666212648675309
  -0.2700479677507428
 5.4999999999999885 -0.2622066473186132 -0.7587651031287691 1.6541942025393865 -2.398948171684052 -1.4946287000034972 -0.16988007235566152
  0.10666212648675309
  -0.2700479677507428
 5.549999999999988 -0.2622066473186132 -0.7587651031287691 1.6541942025393865 -2.398948171684052 -1.4946287000034972 -0.16988007235566152
  0.10666212648675309
  -0.2700479677507428
 5.599999999999988 -0.2622066473186132 -0.7587651031287691 1.6541942025393865 -2.398948171684052 -1.4946287000034972 -0.16988007235566152
  0.10666212648675309
  -0.2700479677507428
 5.649999999999988 -0.2622066473186132 -0.7587651031287691 1.6541942025393865 -2.398948171684052 -1.4946287000034972 -0.16988007235566152
  0.10666212648675309
  -0.2700479677507428
 5.699999999999988 -0.2622066473186132 -0.7587651031287691 1.6541942025393865 -2.398948171684052 -1.4946287000034972 -0.16988007235566152
  0.10666212648675309
  -0.2700479677507428
 5.749999999999988 -0.2622066473186132 -0.7587651031287691 1.6541942025393865 -2.398948171684052 -1.4946287000034972 -0.16988007235566152
  0.10666212648675309
  -0.2700479677507428
 5.799999999999987 -0.2622066473186132 -0.7587651031287691 1.6541942025393865 -2.398948171684052 -1.4946287000034972 -0.16988007235566152
  0.10666212648675309
  -0.2700479677507428
 5.849999999999987 -0.2622066473186132 -0.7587651031287691 1.6541942025393865 -2.398948171684052 -1.4946287000034972 -0.16988007235566152
  0.10666212648675309
  -0.2700479677507428
 5.899999999999987 -0.2622066473186132 -0.7587651031287691 1.6541942025393865 -2.398948171684052 -1.4946287000034972 -0.16988007235566152
  0.10666212648675309
  -0.2700479677507428
 5.949999999999987 -0.2622066473186132 -0.7587651031287691 1.6541942025393865 -2.398948171684052 -1.4946287000034972 -0.16988007235566152
  0.10666212648675309
  -0.2700479677507428
 5.999999999999987 -0.2622066473186132 -0.7587651031287691 1.6541942025393865 -2.398948171684052 -1.4946287000034972 -0.16988007235566152
  0.10666212648675309
  -0.2700479677507428
 6.0499999999999865 -0.2622066473186132 -0.7587651031287691 1.6541942025393865 -2.398948171684052 -1.4946287000034972 -0.16988007235566152
  0.10666212648675309
  -0.2700479677507428
 6.099999999999986 -0.2622066473186132 -0.7587651031287691 1.6541942025393865 -2.398948171684052 -1.4946287000034972 -0.16988007235566152
  0.10666212648675309
  -0.2700479677507428
 6.149999999999986 -0.2622066473186132 -0.7587651031287691 1.6541942025393865 -2.398948171684052 -1.4946287000034972 -0.16988007235566152
  0.10666212648675309
  -0.2700479677507428
 6.199999999999986 -0.2622066473186132 -0.7587651031287691 1.6541942025393865 -2.398948171684052 -1.4946287000034972 -0.16988007235566152
  0.10666212648675309
  -0.2700479677507428
 6.249999999999986 -0.2622066473186132 -0.7587651031287691 1.6541942025393865 -2.398948171684052 -1.4946287000034972 -0.16988007235566152
  0.10666212648675309
  -0.2700479677507428
 6.299999999999986 -0.2622066473186132 -0.7587651031287691 1.6541942025393865 -2.398948171684052 -1.4946287000034972 -0.16988007235566152
  0.10666212648675309
  -0.2700479677507428
 6.349999999999985 -0.2622066473186132 -0.7587651031287691 1.6541942025393865 -2.398948171684052 -1.4946287000034972 -0.16988007235566152
  0.10666212648675309
  -0.2700479677507428
 6.399999999999985 -0.2622066473186132 -0.7587651031287691 1.6541942025393865 -2.398948171684052 -1.4946287000034972 -0.16988007235566152
  0.10666212648675309
  -0.2700479677507428
 6.449999999999985 -0.2622066473186132 -0.7587651031287691 1.6541942025393865 -2.398948171684052 -1.4946287000034972 -0.16988007235566152
  0.10666212648675309
  -0.2700479677507428
 6.499999999999985 -0.2622066473186132 -0.7587651031287691 1.6541942025393865 -2.398948171684052 -1.4946287000034972 -0.16988007235566152
  0.10666212648675309
  -0.2700479677507428
 6.549999999999985 -0.2622066473186132 -0.7587651031287691 1.6541942025393865 -2.398948171684052 -1.4946287000034972 -0.16988007235566152
  0.10666212648675309
  -0.2700479677507428
 6.5999999999999845 -0.2622066473186132 -0.7587651031287691 1.6541942025393865 -2.398948171684052 -1.4946287000034972 -0.16988007235566152
  0.10666212648675309
  -0.2700479677507428
 6.649999999999984 -0.2622066473186132 -0.7587651031287691 1.6541942025393865 -2.398948171684052 -1.4946287000034972 -0.16988007235566152
  0.10666212648675309
  -0.2700479677507428
 6.699999999999984 -0.2622066473186132 -0.7587651031287691 1.6541942025393865 -2.398948171684052 -1.4946287000034972 -0.16988007235566152
  0.10666212648675309
  -0.2700479677507428
 6.749999999999984 -0.2622066473186132 -0.7587651031287691 1.6541942025393865 -2.398948171684052 -1.4946287000034972 -0.16988007235566152
  0.10666212648675309
  -0.2700479677507428
 6.799999999999984 -0.2622066473186132 -0.7587651031287691 1.6541942025393865 -2.398948171684052 -1.4946287000034972 -0.16988007235566152
  0.10666212648675309
  -0.2700479677507428
 