0 -0.6 0.0 1.2
0.05 -0.6 0.0 1.2
0.1 -0.6 0.0 1.2
0.15000000000000002 -0.6 0.0 1.2
0.2 -0.6 0.0 1.2
0.25 -0.6 0.0 1.2
0.3 -0.6 0.0 1.2
0.35 -0.6 0.0 1.2
0.39999999999999997 -0.6 0.0 1.2
0.44999999999999996 -0.6 0.0 1.2
0.49999999999999994 -0.6 0.0 1.2
0.5499999999999999 -0.6 0.0 1.2
0.6 -0.6 0.0 1.2
0.65 -0.6 0.0 1.2
0.7000000000000001 -0.6 0.0 1.2
0.7500000000000001 -0.6 0.0 1.2
0.8000000000000002 -0.6 0.0 1.2
0.8500000000000002 -0.6 0.0 1.2
0.9000000000000002 -0.6 0.0 1.2
0.9500000000000003 -0.6 0.0 1.2
1.0000000000000002 -0.6 0.0 1.2
1.0500000000000003 -0.6 0.0 1.2
1.1000000000000003 -0.6 0.0 1.2
1.1500000000000004 -0.6 0.0 1.2
1.2000000000000004 -0.6 0.0 1.2
1.2500000000000004 -0.6 0.0 1.2
1.3000000000000005 -0.6 0.0 1.2
1.3500000000000005 -0.6 0.0 1.2
1.4000000000000006 -0.6 0.0 1.2
1.4500000000000006 -0.6 0.0 1.2
1.5000000000000007 -0.6 0.0 1.2
1.5500000000000007 -0.6 0.0 1.2
1.6000000000000008 -0.6 0.0 1.2
1.6500000000000008 -0.6 0.0 1.2
1.7000000000000008 -0.6 0.0 1.2
1.7500000000000009 -0.6 0.0 1.2
1.800000000000001 -0.6 0.0 1.2
1.850000000000001 -0.6 0.0 1.2
1.900000000000001 -0.6 0.0 1.2
1.950000000000001 -0.6 0.0 1.2
2.000000000000001 -0.6 0.0 1.2
2.0500000000000007 -0.6 0.0 1.2
2.1000000000000005 -0.6 0.0 1.2
2.1500000000000004 -0.6 0.0 1.2
2.2 -0.6 0.0 1.2
2.25 -0.6 0.0 1.2
2.3 -0.6 0.0 1.2
2.3499999999999996 -0.6 0.0 1.2
2.3999999999999995 -0.6 0.0 1.2
2.4499999999999993 -0.6 0.0 1.2
2.499999999999999 -0.6 0.0 1.2
2.549999999999999 -0.6 0.0 1.2
2.5999999999999988 -0.6 0.0 1.2
2.6499999999999986 -0.6 0.0 1.2
2.6999999999999984 -0.6 0.0 1.2
2.7499999999999982 -0.6 0.0 1.2
2.799999999999998 -0.6 0.0 1.2
2.849999999999998 -0.6 0.0 1.2
2.8999999999999977 -0.6 0.0 1.2
2.9499999999999975 -0.6 0.0 1.2
2.9999999999999973 -0.6 0.0 1.2
3.049999999999997 -0.6 0.0 1.2
3.099999999999997 -0.6 0.0 1.2
3.149999999999997 -0.6 0.0 1.2
3.1999999999999966 -0.6 0.0 1.2
3.2499999999999964 -0.6 0.0 1.2
3.2999999999999963 -0.6 0.0 1.2
3.349999999999996 -0.6 0.0 1.2
3.399999999999996 -0.6 0.0 1.2
3.4499999999999957 -0.6 0.0 1.2
3.4999999999999956 -0.6 0.0 1.2
3.5499999999999954 -0.6 0.0 1.2
3.599999999999995 -0.6 0.0 1.2
3.649999999999995 -0.6 0.0 1.2
3.699999999999995 -0.6 0.0 1.2
3.7499999999999947 -0.6 0.0 1.2
3.7999999999999945 -0.6 0.0 1.2
3.8499999999999943 -0.6 0.0 1.2
3.899999999999994 -0.6 0.0 1.2
3.949999999999994 -0.6 0.0 1.2
3.999999999999994 -0.6 0.0 1.2
4.049999999999994 -0.6 0.0 1.2
4.099999999999993 -0.6 0.0 1.2
4.149999999999993 -0.6 0.0 1.2
4.199999999999993 -0.6 0.0 1.2
4.249999999999993 -0.6 0.0 1.2
4.299999999999993 -0.6 0.0 1.2
4.3499999999999925 -0.6 0.0 1.2
4.399999999999992 -0.6 0.0 1.2
4.449999999999992 -0.6 0.0 1.2
4.499999999999992 -0.6 0.0 1.2
4.549999999999992 -0.6 0.0 1.2
4.599999999999992 -0.6 0.0 1.2
4.6499999999999915 -0.6 0.0 1.2
4.699999999999991 -0.6 0.0 1.2
4.749999999999991 -0.6 0.0 1.2
4.799999999999991 -0.6 0.0 1.2
4.849999999999991 -0.6 0.0 1.2
4.899999999999991 -0.6 0.0 1.2
4.94999999999999 -0.6 0.0 1.2
4.99999999999999 -0.6 0.0 1.2
5.04999999999999 -0.6 0.0 1.2
5.09999999999999 -0.6 0.0 1.2
5.14999999999999 -0.6 0.0 1.2
5.1999999999999895 -0.6 0.0 1.2
5.249999999999989 -0.6 0.0 1.2
5.299999999999989 -0.6 0.0 1.2
5.349999999999989 -0.6 0.0 1.2
5.399999999999989 -0.6 0.0 1.2
5.449999999999989 -0.6 0.0 1.2
5.4999999999999885 -0.6 0.0 1.2
5.549999999999988 -0.6 0.0 1.2
5.599999999999988 -0.6 0.0 1.2
5.649999999999988 -0.6 0.0 1.2
5.699999999999988 -0.6 0.0 1.2
5.749999999999988 -0.6 0.0 1.2
5.799999999999987 -0.6 0.0 1.2
5.849999999999987 -0.6 0.0 1.2
5.899999999999987 -0.6 0.0 1.2
5.949999999999987 -0.6 0.0 1.2
5.999999999999987 -0.6 0.0 1.2
6.0499999999999865 -0.6 0.0 1.2
6.099999999999986 -0.6 0.0 1.2
6.149999999999986 -0.6 0.0 1.2
6.199999999999986 -0.6 0.0 1.2
6.249999999999986 -0.6 0.0 1.2
6.299999999999986 -0.6 0.0 1.2
6.349999999999985 -0.6 0.0 1.2
6.399999999999985 -0.6 0.0 1.2
6.449999999999985 -0.6 0.0 1.2
6.499999999999985 -0.6 0.0 1.2
6.549999999999985 -0.6 0.0 1.2
6.5999999999999845 -0.6 0.0 1.2
6.649999999999984 -0.6 0.0 1.2
6.699999999999984 -0.6 0.0 1.2
6.749999999999984 -0.6 0.0 1.2
6.799999999999984 -0.6 0.0 1.2
6.849999999999984 -0.6 0.0 1.2
6.8999999999999835 -0.6 0.0 1.2
6.949999999999983 -0.6 0.0 1.2
6.999999999999983 -0.6 0.0 1.2
7.049999999999983 -0.6 0.0 1.2
7.099999999999983 -0.6 0.0 1.2
7.149999999999983 -0.6 0.0 1.2
7.199999999999982 -0.6 0.0 1.2
7.249999999999982 -0.6 0.0 1.2
7.299999999999982 -0.6 0.0 1.2
7.349999999999982 -0.6 0.0 1.2
7.399999999999982 -0.6 0.0 1.2
7.4499999999999815 -0.6 0.0 1.2
7.499999999999981 -0.6 0.0 1.2
7.549999999999981 -0.6 0.0 1.2
7.599999999999981 -0.6 0.0 1.2
7.649999999999981 -0.6 0.0 1.2
7.699999999999981 -0.6 0.0 1.2
7.7499999999999805 -0.6 0.0 1.2
7.79999999999998 -0.6 0.0 1.2
7.84999999999998 -0.6 0.0 1.2
7.89999999999998 -0.6 0.0 1.2
7.94999999999998 -0.6 0.0 1.2
7.99999999999998 -0.6 0.0 1.2
8.04999999999998 -0.6 0.0 1.2
8.09999999999998 -0.6 0.0 1.2
8.14999999999998 -0.6 0.0 1.2
8.199999999999982 -0.6 0.0 1.2
8.249999999999982 -0.6 0.0 1.2
8.299999999999983 -0.6 0.0 1.2
8.349999999999984 -0.6 0.0 1.2
8.399999999999984 -0.6 0.0 1.2
8.449999999999985 -0.6 0.0 1.2
8.499999999999986 -0.6 0.0 1.2
8.549999999999986 -0.6 0.0 1.2
8.599999999999987 -0.6 0.0 1.2
8.649999999999988 -0.6 0.0 1.2
8.699999999999989 -0.6 0.0 1.2
8.74999999999999 -0.6 0.0 1.2
8.79999999999999 -0.6 0.0 1.2
8.84999999999999 -0.6 0.0 1.2
8.899999999999991 -0.6 0.0 1.2
8.949999999999992 -0.6 0.0 1.2
8.999999999999993 -0.6 0.0 1.2
9.049999999999994 -0.6 0.0 1.2
9.099999999999994 -0.6 0.0 1.2
9.149999999999995 -0.6 0.0 1.2
9.199999999999996 -0.6 0.0 1.2
9.249999999999996 -0.6 0.0 1.2
9.299999999999997 -0.6 0.0 1.2
9.349999999999998 -0.6 0.0 1.2
9.399999999999999 -0.6 0.0 1.2
9.45 -0.6 0.0 1.2
9.5 -0.6 0.0 1.2
9.55 -0.6 0.0 1.2
9.600000000000001 -0.6 0.0 1.2
9.650000000000002 -0.6 0.0 1.2
9.700000000000003 -0.6 0.0 1.2
9.750000000000004 -0.6 0.0 1.2
9.800000000000004 -0.6 0.0 1.2
9.850000000000005 -0.6 0.0 1.2
9.900000000000006 -0.6 0.0 1.2
9.950000000000006 -0.6 0.0 1.2
10.000000000000007 -0.6 0.0 1.2
10.050000000000008 -0.6 0.0 1.2
10.100000000000009 -0.6 0.0 1.2
10.15000000000001 -0.6 0.0 1.2
10.20000000000001 -0.6 0.0 1.2
10.25000000000001 -0.6 0.0 1.2
10.300000000000011 -0.6 0.0 1.2
10.350000000000012 -0.6 0.0 1.2
10.400000000000013 -0.6 0.0 1.2
10.450000000000014 -0.6 0.0 1.2
10.500000000000014 -0.6 0.0 1.2
10.550000000000015 -0.6 0.0 1.2
10.600000000000016 -0.6 0.0 1.2
10.650000000000016 -0.6 0.0 1.2
10.700000000000017 -0.6 0.0 1.2
10.750000000000018 -0.6 0.0 1.2
10.800000000000018 -0.6 0.0 1.2
10.85000000000002 -0.6 0.0 1.2
10.90000000000002 -0.6 0.0 1.2
10.95000000000002 -0.6 0.0 1.2
11.000000000000021 -0.6 0.0 1.2
11.050000000000022 -0.6 0.0 1.2
11.100000000000023 -0.6 0.0 1.2
11.150000000000023 -0.6 0.0 1.2
11.200000000000024 -0.6 0.0 1.2
11.250000000000025 -0.6 0.0 1.2
11.300000000000026 -0.6 0.0 1.2
11.350000000000026 -0.6 0.0 1.2
11.400000000000027 -0.6 0.0 1.2
11.450000000000028 -0.6 0.0 1.2
11.500000000000028 -0.6 0.0 1.2
11.55000000000003 -0.6 0.0 1.2
11.60000000000003 -0.6 0.0 1.2
11.65000000000003 -0.6 0.0 1.2
11.700000000000031 -0.6 0.0 1.2
11.750000000000032 -0.6 0.0 1.2
11.800000000000033 -0.6 0.0 1.2
11.850000000000033 -0.6 0.0 1.2
11.900000000000034 -0.6 0.0 1.2
11.950000000000035 -0.6 0.0 1.2
12.000000000000036 -0.6 0.0 1.2
12.050000000000036 -0.6 0.0 1.2
12.100000000000037 -0.6 0.0 1.2
12.150000000000038 -0.6 0.0 1.2
12.200000000000038 -0.6 0.0 1.2
12.250000000000039 -0.6 0.0 1.2
12.30000000000004 -0.6 0.0 1.2
12.35000000000004 -0.6 0.0 1.2
12.400000000000041 -0.6 0.0 1.2
12.450000000000042 -0.6 0.0 1.2
12.500000000000043 -0.6 0.0 1.2
12.550000000000043 -0.6 0.0 1.2
12.600000000000044 -0.6 0.0 1.2
12.650000000000045 -0.6 0.0 1.2
12.700000000000045 -0.6 0.0 1.2
12.750000000000046 -0.6 0.0 1.2
12.800000000000047 -0.6 0.0 1.2
12.850000000000048 -0.6 0.0 1.2
12.900000000000048 -0.6 0.0 1.2
12.950000000000049 -0.6 0.0 1.2
13.00000000000005 -0.6 0.0 1.2
13.05000000000005 -0.6 0.0 1.2
13.100000000000051 -0.6 0.0 1.2
13.150000000000052 -0.6 0.0 1.2
13.200000000000053 -0.6 0.0 1.2
13.250000000000053 -0.6 0.0 1.2
13.300000000000054 -0.6 0.0 1.2
13.350000000000055 -0.6 0.0 1.2
13.400000000000055 -0.6 0.0 1.2
13.450000000000056 -0.6 0.0 1.2
13.500000000000057 -0.6 0.0 1.2
13.550000000000058 -0.6 0.0 1.2
13.600000000000058 -0.6 0.0 1.2
13.650000000000059 -0.6 0.0 1.2
13.70000000000006 -0.6 0.0 1.2
13.75000000000006 -0.6 0.0 1.2
13.800000000000061 -0.6 0.0 1.2
13.850000000000062 -0.6 0.0 1.2
13.900000000000063 -0.6 0.0 1.2
13.950000000000063 -0.6 0.0 1.2
14.000000000000064 -0.6 0.0 1.2
14.050000000000065 -0.6 0.0 1.2
14.100000000000065 -0.6 0.0 1.2
14.150000000000066 -0.6 0.0 1.2
14.200000000000067 -0.6 0.0 1.2
14.250000000000068 -0.6 0.0 1.2
14.300000000000068 -0.6 0.0 1.2
14.350000000000069 -0.6 0.0 1.2
14.40000000000007 -0.6 0.0 1.2
14.45000000000007 -0.6 0.0 1.2
14.500000000000071 -0.6 0.0 1.2
14.550000000000072 -0.6 0.0 1.2
14.600000000000072 -0.6 0.0 1.2
14.650000000000073 -0.6 0.0 1.2
14.700000000000074 -0.6 0.0 1.2
14.750000000000075 -0.6 0.0 1.2
14.800000000000075 -0.6 0.0 1.2
14.850000000000076 -0.6 0.0 1.2
14.900000000000077 -0.6 0.0 1.2
14.950000000000077 -0.6 0.0 1.2
15.000000000000078 -0.6 0.0 1.2
15.050000000000079 -0.6 0.0 1.2
15.10000000000008 -0.6 0.0 1.2
15.15000000000008 -0.6 0.0 1.2
15.200000000000081 -0.6 0.0 1.2
15.250000000000082 -0.6 0.0 1.2
15.300000000000082 -0.6 0.0 1.2
15.350000000000083 -0.6 0.0 1.2
15.400000000000084 -0.6 0.0 1.2
15.450000000000085 -0.6 0.0 1.2
15.500000000000085 -0.6 0.0 1.2
15.550000000000086 -0.6 0.0 1.2
15.600000000000087 -0.6 0.0 1.2
15.650000000000087 -0.6 0.0 1.2
15.700000000000088 -0.6 0.0 1.2
15.750000000000089 -0.6 0.0 1.2
15.80000000000009 -0.6 0.0 1.2
15.85000000000009 -0.6 0.0 1.2
15.900000000000091 -0.6 0.0 1.2
15.950000000000092 -0.6 0.0 1.2
16.000000000000092 -0.6 0.0 1.2
16.050000000000093 -0.6 0.0 1.2
16.100000000000094 -0.6 0.0 1.2
16.150000000000095 -0.6 0.0 1.2
16.200000000000095 -0.6 0.0 1.2
16.250000000000096 -0.6 0.0 1.2
16.300000000000097 -0.6 0.0 1.2
16.350000000000097 -0.6 0.0 1.2
16.400000000000098 -0.6 0.0 1.2
16.4500000000001 -0.6 0.0 1.2
16.5000000000001 -0.6 0.0 1.2
16.5500000000001 -0.6 0.0 1.2
16.6000000000001 -0.6 0.0 1.2
16.6500000000001 -0.6 0.0 1.2
16.700000000000102 -0.6 0.0 1.2
16.750000000000103 -0.6 0.0 1.2
16.800000000000104 -0.6 0.0 1.2
16.850000000000104 -0.6 0.0 1.2
16.900000000000105 -0.6 0.0 1.2
16.950000000000106 -0.6 0.0 1.2
17.000000000000107 -0.6 0.0 1.2
17.050000000000107 -0.6 0.0 1.2
17.100000000000108 -0.6 0.0 1.2
17.15000000000011 -0.6 0.0 1.2
17.20000000000011 -0.6 0.0 1.2
17.25000000000011 -0.6 0.0 1.2
17.30000000000011 -0.6 0.0 1.2
17.35000000000011 -0.6 0.0 1.2
17.400000000000112 -0.6 0.0 1.2
17.450000000000113 -0.6 0.0 1.2
17.500000000000114 -0.6 0.0 1.2
17.550000000000114 -0.6 0.0 1.2
17.600000000000115 -0.6 0.0 1.2
17.650000000000116 -0.6 0.0 1.2
17.700000000000117 -0.6 0.0 1.2
17.750000000000117 -0.6 0.0 1.2
17.800000000000118 -0.6 0.0 1.2
17.85000000000012 -0.6 0.0 1.2
17.90000000000012 -0.6 0.0 1.2
17.95000000000012 -0.6 0.0 1.2
18.00000000000012 -0.6 0.0 1.2
18.05000000000012 -0.6 0.0 1.2
18.100000000000122 -0.6 0.0 1.2
18.150000000000123 -0.6 0.0 1.2
18.200000000000124 -0.6 0.0 1.2
18.250000000000124 -0.6 0.0 1.2
18.300000000000125 -0.6 0.0 1.2
18.350000000000126 -0.6 0.0 1.2
18.400000000000126 -0.6 0.0 1.2
18.450000000000127 -0.6 0.0 1.2
18.500000000000128 -0.6 0.0 1.2
18.55000000000013 -0.6 0.0 1.2
18.60000000000013 -0.6 0.0 1.2
18.65000000000013 -0.6 0.0 1.2
18.70000000000013 -0.6 0.0 1.2
18.75000000000013 -0.6 0.0 1.2
18.800000000000132 -0.6 0.0 1.2
18.850000000000133 -0.6 0.0 1.2
18.900000000000134 -0.6 0.0 1.2
18.950000000000134 -0.6 0.0 1.2
19.000000000000135 -0.6 0.0 1.2
19.050000000000136 -0.6 0.0 1.2
19.100000000000136 -0.6 0.0 1.2
19.150000000000137 -0.6 0.0 1.2
19.200000000000138 -0.6 0.0 1.2
19.25000000000014 -0.6 0.0 1.2
19.30000000000014 -0.6 0.0 1.2
19.35000000000014 -0.6 0.0 1.2
19.40000000000014 -0.6 0.0 1.2
19.45000000000014 -0.6 0.0 1.2
19.500000000000142 -0.6 0.0 1.2
19.550000000000143 -0.6 0.0 1.2
19.600000000000144 -0.6 0.0 1.2
19.650000000000144 -0.6 0.0 1.2
19.700000000000145 -0.6 0.0 1.2
19.750000000000146 -0.6 0.0 1.2
19.800000000000146 -0.6 0.0 1.2
19.850000000000147 -0.6 0.0 1.2
19.900000000000148 -0.6 0.0 1.2
19.95000000000015 -0.6 0.0 1.2
20.00000000000015 -0.6 0.0 1.2
20.05000000000015 -0.6 0.0 1.2
20.10000000000015 -0.6 0.0 1.2
20.15000000000015 -0.6 0.0 1.2
20.200000000000152 -0.6 0.0 1.2
20.250000000000153 -0.6 0.0 1.2
20.300000000000153 -0.6 0.0 1.2
20.350000000000154 -0.6 0.0 1.2
20.400000000000155 -0.6 0.0 1.2
20.450000000000156 -0.6 0.0 1.2
20.500000000000156 -0.6 0.0 1.2
20.550000000000157 -0.6 0.0 1.2
20.600000000000158 -0.6 0.0 1.2
20.65000000000016 -0.6 0.0 1.2
20.70000000000016 -0.6 0.0 1.2
20.75000000000016 -0.6 0.0 1.2
20.80000000000016 -0.6 0.0 1.2
20.85000000000016 -0.6 0.0 1.2
20.900000000000162 -0.6 0.0 1.2
20.950000000000163 -0.6 0.0 1.2
21.000000000000163 -0.6 0.0 1.2
21.050000000000164 -0.6 0.0 1.2
21.100000000000165 -0.6 0.0 1.2
21.150000000000166 -0.6 0.0 1.2
21.200000000000166 -0.6 0.0 1.2
21.250000000000167 -0.6 0.0 1.2
21.300000000000168 -0.6 0.0 1.2
21.35000000000017 -0.6 0.0 1.2
21.40000000000017 -0.6 0.0 1.2
21.45000000000017 -0.6 0.0 1.2
21.50000000000017 -0.6 0.0 1.2
21.55000000000017 -0.6 0.0 1.2
21.600000000000172 -0.6 0.0 1.2
21.650000000000173 -0.6 0.0 1.2
21.700000000000173 -0.6 0.0 1.2
21.750000000000174 -0.6 0.0 1.2
21.800000000000175 -0.6 0.0 1.2
21.850000000000176 -0.6 0.0 1.2
21.900000000000176 -0.6 0.0 1.2
21.950000000000177 -0.6 0.0 1.2
22.000000000000178 -0.6 0.0 1.2
22.05000000000018 -0.6 0.0 1.2
22.10000000000018 -0.6 0.0 1.2
22.15000000000018 -0.6 0.0 1.2
22.20000000000018 -0.6 0.0 1.2
22.25000000000018 -0.6 0.0 1.2
22.300000000000182 -0.6 0.0 1.2
22.350000000000183 -0.6 0.0 1.2
22.400000000000183 -0.6 0.0 1.2
22.450000000000184 -0.6 0.0 1.2
22.500000000000185 -0.6 0.0 1.2
22.550000000000185 -0.6 0.0 1.2
22.600000000000186 -0.6 0.0 1.2
22.650000000000187 -0.6 0.0 1.2
22.700000000000188 -0.6 0.0 1.2
22.75000000000019 -0.6 0.0 1.2
22.80000000000019 -0.6 0.0 1.2
22.85000000000019 -0.6 0.0 1.2
22.90000000000019 -0.6 0.0 1.2
22.95000000000019 -0.6 0.0 1.2
23.000000000000192 -0.6 0.0 1.2
23.050000000000193 -0.6 0.0 1.2
23.100000000000193 -0.6 0.0 1.2
23.150000000000194 -0.6 0.0 1.2
23.200000000000195 -0.6 0.0 1.2
23.250000000000195 -0.6 0.0 1.2
23.300000000000196 -0.6 0.0 1.2
23.350000000000197 -0.6 0.0 1.2
23.400000000000198 -0.6 0.0 1.2
23.4500000000002 -0.6 0.0 1.2
23.5000000000002 -0.6 0.0 1.2
23.5500000000002 -0.6 0.0 1.2
23.6000000000002 -0.6 0.0 1.2
23.6500000000002 -0.6 0.0 1.2
23.700000000000202 -0.6 0.0 1.2
23.750000000000203 -0.6 0.0 1.2
23.800000000000203 -0.6 0.0 1.2
23.850000000000204 -0.6 0.0 1.2
23.900000000000205 -0.6 0.0 1.2
23.950000000000205 -0.6 0.0 1.2
24.000000000000206 -0.6 0.0 1.2
24.050000000000207 -0.6 0.0 1.2
24.100000000000207 -0.6 0.0 1.2
24.150000000000208 -0.6 0.0 1.2
24.20000000000021 -0.6 0.0 1.2
24.25000000000021 -0.6 0.0 1.2
24.30000000000021 -0.6 0.0 1.2
24.35000000000021 -0.6 0.0 1.2
24.40000000000021 -0.6 0.0 1.2
24.450000000000212 -0.6 0.0 1.2
24.500000000000213 -0.6 0.0 1.2
24.550000000000214 -0.6 0.0 1.2
24.600000000000215 -0.6 0.0 1.2
24.650000000000215 -0.6 0.0 1.2
24.700000000000216 -0.6 0.0 1.2
24.750000000000217 -0.6 0.0 1.2
24.800000000000217 -0.6 0.0 1.2
24.850000000000218 -0.6 0.0 1.2
24.90000000000022 -0.6 0.0 1.2
24.95000000000022 -0.6 0.0 1.2
25.00000000000022 -0.6 0.0 1.2
25.05000000000022 -0.6 0.0 1.2
25.10000000000022 -0.6 0.0 1.2
25.150000000000222 -0.6 0.0 1.2
25.200000000000223 -0.6 0.0 1.2
25.250000000000224 -0.6 0.0 1.2
25.300000000000225 -0.6 0.0 1.2
25.350000000000225 -0.6 0.0 1.2
25.400000000000226 -0.6 0.0 1.2
25.450000000000227 -0.6 0.0 1.2
25.500000000000227 -0.6 0.0 1.2
25.550000000000228 -0.6 0.0 1.2
25.60000000000023 -0.6 0.0 1.2
25.65000000000023 -0.6 0.0 1.2
25.70000000000023 -0.6 0.0 1.2
25.75000000000023 -0.6 0.0 1.2
25.80000000000023 -0.6 0.0 1.2
25.850000000000232 -0.6 0.0 1.2
25.900000000000233 -0.6 0.0 1.2
25.950000000000234 -0.6 0.0 1.2
26.000000000000234 -0.6 0.0 1.2
26.050000000000235 -0.6 0.0 1.2
26.100000000000236 -0.6 0.0 1.2
26.150000000000237 -0.6 0.0 1.2
26.200000000000237 -0.6 0.0 1.2
26.250000000000238 -0.6 0.0 1.2
26.30000000000024 -0.6 0.0 1.2
26.35000000000024 -0.6 0.0 1.2
26.40000000000024 -0.6 0.0 1.2
26.45000000000024 -0.6 0.0 1.2
26.50000000000024 -0.6 0.0 1.2
26.550000000000242 -0.6 0.0 1.2
26.600000000000243 -0.6 0.0 1.2
26.650000000000244 -0.6 0.0 1.2
26.700000000000244 -0.6 0.0 1.2
26.750000000000245 -0.6 0.0 1.2
26.800000000000246 -0.6 0.0 1.2
26.850000000000247 -0.6 0.0 1.2
26.900000000000247 -0.6 0.0 1.2
26.950000000000248 -0.6 0.0 1.2
27.00000000000025 -0.6 0.0 1.2
27.05000000000025 -0.6 0.0 1.2
27.10000000000025 -0.6 0.0 1.2
27.15000000000025 -0.6 0.0 1.2
27.20000000000025 -0.6 0.0 1.2
27.250000000000252 -0.6 0.0 1.2
27.300000000000253 -0.6 0.0 1.2
27.350000000000254 -0.6 0.0 1.2
27.400000000000254 -0.6 0.0 1.2
27.450000000000255 -0.6 0.0 1.2
27.500000000000256 -0.6 0.0 1.2
27.550000000000257 -0.6 0.0 1.2
27.600000000000257 -0.6 0.0 1.2
27.650000000000258 -0.6 0.0 1.2
27.70000000000026 -0.6 0.0 1.2
27.75000000000026 -0.6 0.0 1.2
27.80000000000026 -0.6 0.0 1.2
27.85000000000026 -0.6 0.0 1.2
27.90000000000026 -0.6 0.0 1.2
27.950000000000262 -0.6 0.0 1.2
28.000000000000263 -0.6 0.0 1.2
28.050000000000264 -0.6 0.0 1.2
28.100000000000264 -0.6 0.0 1.2
28.150000000000265 -0.6 0.0 1.2
28.200000000000266 -0.6 0.0 1.2
28.250000000000266 -0.6 0.0 1.2
28.300000000000267 -0.6 0.0 1.2
28.350000000000268 -0.6 0.0 1.2
28.40000000000027 -0.6 0.0 1.2
28.45000000000027 -0.6 0.0 1.2
28.50000000000027 -0.6 0.0 1.2
28.55000000000027 -0.6 0.0 1.2
28.60000000000027 -0.6 0.0 1.2
28.650000000000272 -0.6 0.0 1.2
28.700000000000273 -0.6 0.0 1.2
28.750000000000274 -0.6 0.0 1.2
28.800000000000274 -0.6 0.0 1.2
28.850000000000275 -0.6 0.0 1.2
28.900000000000276 -0.6 0.0 1.2
28.950000000000276 -0.6 0.0 1.2
29.000000000000277 -0.6 0.0 1.2
29.050000000000278 -0.6 0.0 1.2
29.10000000000028 -0.6 0.0 1.2
29.15000000000028 -0.6 0.0 1.2
29.20000000000028 -0.6 0.0 1.2
29.25000000000028 -0.6 0.0 1.2
29.30000000000028 -0.6 0.0 1.2
29.350000000000282 -0.6 0.0 1.2
29.400000000000283 -0.6 0.0 1.2
29.450000000000284 -0.6 0.0 1.2
29.500000000000284 -0.6 0.0 1.2
29.550000000000285 -0.6 0.0 1.2
29.600000000000286 -0.6 0.0 1.2
29.650000000000286 -0.6 0.0 1.2
29.700000000000287 -0.6 0.0 1.2
29.750000000000288 -0.6 0.0 1.2
29.80000000000029 -0.6 0.0 1.2
29.85000000000029 -0.6 0.0 1.2
29.90000000000029 -0.6 0.0 1.2
29.95000000000029 -0.6 0.0 1.2
30.00000000000029 -0.6 0.0 1.2
30.050000000000292 -0.6 0.0 1.2
30.100000000000293 -0.6 0.0 1.2
30.150000000000293 -0.6 0.0 1.2
30.200000000000294 -0.6 0.0 1.2
30.250000000000295 -0.6 0.0 1.2
30.300000000000296 -0.6 0.0 1.2
30.350000000000296 -0.6 0.0 1.2
30.400000000000297 -0.6 0.0 1.2
30.450000000000298 -0.6 0.0 1.2
30.5000000000003 -0.6 0.0 1.2
30.5500000000003 -0.6 0.0 1.2
30.6000000000003 -0.6 0.0 1.2
30.6500000000003 -0.6 0.0 1.2
30.7000000000003 -0.6 0.0 1.2
30.750000000000302 -0.6 0.0 1.2
30.800000000000303 -0.6 0.0 1.2
30.850000000000303 -0.6 0.0 1.2
30.900000000000304 -0.6 0.0 1.2
30.950000000000305 -0.6 0.0 1.2
31.000000000000306 -0.6 0.0 1.2
31.050000000000306 -0.6 0.0 1.2
31.100000000000307 -0.6 0.0 1.2
31.150000000000308 -0.6 0.0 1.2
31.20000000000031 -0.6 0.0 1.2
31.25000000000031 -0.6 0.0 1.2
31.30000000000031 -0.6 0.0 1.2
31.35000000000031 -0.6 0.0 1.2
31.40000000000031 -0.6 0.0 1.2
31.450000000000312 -0.6 0.0 1.2
31.500000000000313 -0.6 0.0 1.2
31.550000000000313 -0.6 0.0 1.2
31.600000000000314 -0.6 0.0 1.2
31.650000000000315 -0.6 0.0 1.2
31.700000000000315 -0.6 0.0 1.2
31.750000000000316 -0.6 0.0 1.2
31.800000000000317 -0.6 0.0 1.2
31.850000000000318 -0.6 0.0 1.2
31.90000000000032 -0.6 0.0 1.2
31.95000000000032 -0.6 0.0 1.2
32.00000000000032 -0.6 0.0 1.2
32.05000000000032 -0.6 0.0 1.2
32.100000000000314 -0.6 0.0 1.2
32.15000000000031 -0.6 0.0 1.2
32.20000000000031 -0.6 0.0 1.2
32.250000000000306 -0.6 0.0 1.2
32.3000000000003 -0.6 0.0 1.2
32.3500000000003 -0.6 0.0 1.2
32.4000000000003 -0.6 0.0 1.2
32.450000000000294 -0.6 0.0 1.2
32.50000000000029 -0.6 0.0 1.2
32.55000000000029 -0.6 0.0 1.2
32.600000000000286 -0.6 0.0 1.2
32.65000000000028 -0.6 0.0 1.2
32.70000000000028 -0.6 0.0 1.2
32.75000000000028 -0.6 0.0 1.2
32.800000000000274 -0.6 0.0 1.2
32.85000000000027 -0.6 0.0 1.2
32.90000000000027 -0.6 0.0 1.2
32.950000000000266 -0.6 0.0 1.2
33.00000000000026 -0.6 0.0 1.2
33.05000000000026 -0.6 0.0 1.2
33.10000000000026 -0.6 0.0 1.2
33.150000000000254 -0.6 0.0 1.2
33.20000000000025 -0.6 0.0 1.2
33.25000000000025 -0.6 0.0 1.2
33.300000000000246 -0.6 0.0 1.2
33.35000000000024 -0.6 0.0 1.2
33.40000000000024 -0.6 0.0 1.2
33.45000000000024 -0.6 0.0 1.2
